function gen_sps_l_shade_eig_optim_params
%GEN_SPS_L_SHADE_EIG_OPTIM_PARAMS Generate SPS_L_SHADE_EIG optimal
%parameters

X = zeros(15, 15, 4); % n_params, n_func, n_dimension
X(:, 1, 1) = [...
    447; 0.4972; 0.2892; 0.9497; 0.0956; ...
    422; 64; 1.9805; 0.6288; 0.9854; ...
    0.6011; 0.5662; 12; 0.3349; 0.1315];

X(:, 2, 1) = [...
    381; 0.3116; 0.2240; 0.8019; 0.3274; ...
    695; 920; 2.0466; 0.2551; 0.7163; ...
    0.9567; 0.2001; 6; 0.2290; 0.5178];

X(:, 3, 1) = [...
    155; 0.4085; 0.1980; 0.3172; 0.2230; ...
    431; 151; 1.7238; 0.1720; 0.1717; ...
    0.0100; 0.9248; 9; 0.9933; 0.4899];

X(:, 4, 1) = [...
    333; 0.2915; 0.3603; 0.6455; 0.1907; ...
    61; 13; 1.5365; 0.2371; 0.3067; ...
    0.5660; 0.3895; 151; 0.2979; 0.0312];

X(:, 5, 1) = [...
    83; 0.3045; 0.8335; 0.6024; 0.1739; ...
    335; 433; 2.4490; 0.8216; 0.7593; ...
    0.0867; 0.2555; 9; 0.0422; 0.9708];
end

